-4.8666687 1.4083334
-4.233345 1.5416666
-3.6083434 1.6499999
-2.9916685 1.7166665
-2.3583267 1.7333331
-1.7333223 1.7083331
-1.1083229 1.6583332
-0.49999008 1.5416666
0.13334471 1.4083334
0.76667875 1.3083335
1.3833449 1.2083336
2.0083444 1.141667
2.6333528 1.1083337
3.2666945 1.1333337
3.8833694 1.191667
4.50003 1.3083335
-4.550007 0.6750008
-3.9333477 0.80000067
-3.300006 0.9000006
-2.683331 0.9666672
-2.0499892 1.0000005
-1.4249892 0.9666672
-0.8166565 0.9000006
-0.16665587 0.79166734
0.44167885 0.6750008
1.0666785 0.5500009
1.7000113 0.45000082
2.3166819 0.39166734
2.958357 0.37500063
3.575032 0.39166734
4.2000346 0.45000082
4.825025 0.56666756
-4.79167 -0.025000295
-4.1666794 0.08333324
-3.5416758 0.19166681
-2.908334 0.25833365
-2.291659 0.30000043
-1.6666557 0.266667
-1.0333229 0.19166681
-0.41665652 0.09166659
0.21667826 -0.016666945
0.83334535 -0.15000054
1.4750115 -0.25833416
2.0833454 -0.31666765
2.7083538 -0.33333436
3.333362 -0.3083343
3.966704 -0.25833416
4.5916953 -0.14166719
-4.5000076 -0.74166787
-3.8666801 -0.60000134
-3.2500052 -0.50000143
-2.6166635 -0.44166794
-1.9916553 -0.41666788
-1.366656 -0.44166794
-0.74165654 -0.50833476
-0.108322404 -0.616668
0.50834566 -0.7250012
1.1333451 -0.8500011
1.7500112 -0.9583343
2.3833494 -1.0166676
3.0083578 -1.0500009
3.633366 -1.0250009
4.258367 -0.96666765
4.8916907 -0.8416678
-4.841669 -1.4333339
-4.2166786 -1.3250006
-3.583343 -1.2000008
-2.9583347 -1.1500008
-2.3333263 -1.1166675
-1.699989 -1.1500008
-1.0916562 -1.2166674
-0.4583233 -1.3166673
0.16667813 -1.4500005
0.7916787 -1.5583338
1.4166782 -1.6583337
2.0333447 -1.7166669
2.658353 -1.7583336
3.2916949 -1.7250003
3.9167032 -1.666667
4.5500293 -1.5416671
